jails: 
  void: 
    world: HelloAriWorld_nether
    x: 19.541096301597168
    y: 128.0
    z: 34.394966736665694
    yaw: 177.67212
    pitch: 16.049952
